1000
0100
------
1100
0110
0011
0001
-----
1000

1011
0101
------
1110
0111
0011
0001
-----
1011



1000
0100
0010
------
1110

0111 >1
0011 >2
0011 >1
0001 >2
------
1000


10110
01011
00101
------
11000
01100
00110

10010
00100
00010

10100
00010
00001

10111
00001
00000



00110
00011
00011
-----
10100

12233445566

01234567889

2,3/2 == 1


100000
010000
001000
--------------------
111000   1
011100
001110
--------------------
101010   2
010101
001010
---------------------
110101  3
011010
001101
-------------------
100010  4
010001
001000
-----------------------
111011  5
011101
001110
----------------------
101000  6
010100
001010
-------------------------
110110  7
011011
001101

100000

10110 1
01011
00101
----------
11000 2
01100
00110
---------
10010 3
01001
00100
----------
11111 4
01111
00111
---------
10111 5
01011
00101
--------
11001 6
01100
00110
--------
10011 7 
01001 
00100 
--------
11110 8
01111
00111
---------
10110

10000 
01000 
00100
------------------------
11100 1
01110
00111
------------------------
10101 2
01010
00101
-------------------------------
11010 3
01101
00110
-------------------------
10001 45
01000
00100
------------------------
11101 5
01110
00111
-------------------------------
10100 6
01010
00101
--------------------
11011 7
01101
00110
--------------------
10000
